vdvdvdvdvdvdvdvdvdvdvdvdvdvdvdvdvdvdvdvdvdvdvdvdvdvdvdvdvdvdvdvdvdvdvdvdvdvdvdvdvdvdvdvdvdvdvdvdvdvdvdvdvdvd
vdvdvdvdvdvdvdvdvdvdvdvdvdvdvdvdvdvdvdvdvdvdvdvdvdvdvdvdvdvdvdvdvdvdvdvdvdvdvdvdvdvdvdvdvdvdvdvdvdvdvdvdvdvd
vdvdvdvdvdvdvdvdvdvdvdvdvdvdvdvdvdvdvdvdvdvdvdvdvdvdvdvdvdvdvdvdvdvdvdvdvdvdvdvdvdvdvdvdvdvdvdvdvdvdvdvdvdvd
vdvdvdvdvdvdvdvdvdvdvdvdvdvdvdvdvdvdvdvdvdvdvdvdvdvdvdvdvdvdvdvdvdvdvdvdvdvdvdvdvdvdvdvdvdvdvdvdvdvdvdvdvdvd
vdvdvdvdg1g1g2g3g4g3g1g2g3g4flvdvdvdvdvdvdvdvdvdvdvdvdvdvdvdvdvdvdvdvdvdvdvdvdvdvdvdvdvdvdvdvdvdvdvdvdvdvdvd
00000000312432434312431243431243555555550000000000000000000000000000000000000000000000
00000000213442313421433421435555555555555666666666666666666666666000000000000000000000
00000000132443443124431243415555555555555000000000000000000000000000000000000000000000
00000000142555555241342143435555555555551000000000000000000000000000000000000000000000
00000000124243124241342314215555555555555000000000000000000000000000000000000000000000
00000000124312312342341324231423412314241000000000000000000000000000000000000000000000
00000000124333355555555523432142142134224111111111115555555111232111154461000000000000
00000000323134125555434312431243241431243000000000000000000000000000666666000000000000
00000000355555555555555555555555555555555000000000000000000000000000666666000000000000
00000000142341343241324314231423143243141000000000000000000000000000000000000000000000
00000000123211666666666634123120000000000000000000000000000000000000000000000000000000
00000000231423123123412314234210000000000000000000000000000
00000000231421124323142343241230000000000000000000000000000
00000000111111111111111111555550000000000000000000000000000
00000000234421321432432443555550000000000000000000000000000
00000000234421321432432443555550000000000000000000000000000
00000000234421321432432443555550000000000000000000000000000
00000000234421321432432443555550000000000000000000000000000
000000002344213214324324435555500000000
000000002344213214324324435555500000000
000000002344213214324324435555500000000
000000002344213214324324435555500000000
000000002344213214324324435555500000000
000000002344213214324324435555500000000
000000002341341243255554435555500000000
000000002344213214324324435555500000000
000000002344213214324324435555500000000
000000002344213214324324435555500000000
000000002344213214324324435555500000000
000000002344213214324324435555500000000
000000000000000000000000000000000000000
000000000000000000000000000000000000000
000000000000000000000000000000000000000
000000000000000000000000000000000000000
000000000000000000000000000000000000000
000000000000000000000000000000000000000
000000000000000000000000000000000000000
000000000000000000000000000000000000000